<!DOCTYPE html>
<html lang="en">
<head>
<meta charset="UTF-8">
<title>EEG Visibility Graph Network</title>
<style>
* { margin:0; padding:0; box-sizing:border-box; }
body { background:#07070f; color:#ccc; font-family:'Courier New',monospace; display:flex; flex-direction:column; height:100vh; }
#header { padding:10px 20px; border-bottom:1px solid #151525; display:flex; align-items:center; gap:12px; flex-shrink:0; }
#header h1 { font-size:12px; color:#555; letter-spacing:.12em; text-transform:uppercase; }
#phase { padding:3px 10px; border-radius:3px; font-size:11px; letter-spacing:.08em; transition:all .5s; }
.pre { background:rgba(40,100,220,.15); color:#4d9fff; border:1px solid rgba(40,100,220,.25); }
.ict { background:rgba(220,60,30,.15); color:#ff5533; border:1px solid rgba(220,60,30,.25); }
#metrics { margin-left:auto; display:flex; gap:20px; }
.met { text-align:right; }
.met-label { font-size:9px; color:#333; text-transform:uppercase; letter-spacing:.08em; }
.met-val { font-size:16px; font-weight:bold; transition:color .4s; }
#main { display:flex; flex:1; overflow:hidden; }
#sidebar { width:180px; border-right:1px solid #151525; padding:14px; overflow-y:auto; flex-shrink:0; }
#sidebar h2 { font-size:9px; color:#333; text-transform:uppercase; letter-spacing:.1em; margin-bottom:10px; }
.elec-item { display:flex; align-items:center; gap:6px; margin-bottom:5px; }
.elec-dot { width:8px; height:8px; border-radius:50%; transition:all .4s; flex-shrink:0; }
.elec-name { font-size:10px; color:#555; width:28px; }
.elec-bar-bg { flex:1; height:3px; background:#111; border-radius:2px; }
.elec-bar { height:3px; border-radius:2px; transition:width .4s, background .4s; }
.elec-deg { font-size:9px; color:#333; width:26px; text-align:right; }
#canvas-wrap { flex:1; position:relative; }
canvas { display:block; }
#controls { padding:10px 20px; border-top:1px solid #151525; display:flex; align-items:center; gap:14px; flex-shrink:0; }
#play-btn { width:30px; height:30px; border-radius:50%; background:#4d9fff; border:none; cursor:pointer; font-size:14px; color:#fff; transition:background .2s; }
#play-btn:hover { background:#3388ee; }
#tl { flex:1; position:relative; height:32px; cursor:pointer; }
#tl-bg { position:absolute; top:50%; transform:translateY(-50%); width:100%; height:2px; background:#151525; border-radius:1px; }
#tl-pre { position:absolute; top:50%; transform:translateY(-50%); height:2px; background:#4d9fff; border-radius:1px; width:50%; opacity:.4; }
#tl-ict { position:absolute; top:50%; transform:translateY(-50%); height:2px; background:#ff5533; border-radius:1px; left:50%; width:50%; opacity:.4; }
#tl-fill { position:absolute; top:50%; transform:translateY(-50%); height:2px; background:#fff; width:0%; opacity:.6; }
#tl-sz { position:absolute; top:4px; bottom:4px; width:1px; background:rgba(255,85,51,.6); left:50%; }
#tl-cursor { position:absolute; top:50%; transform:translate(-50%,-50%); width:10px; height:10px; border-radius:50%; background:#fff; left:0%; transition:left .15s; }
.tl-tick { position:absolute; bottom:0; font-size:9px; color:#333; transform:translateX(-50%); }
#time-lbl { font-size:12px; color:#555; min-width:52px; }
#spd { font-size:10px; color:#333; display:flex; align-items:center; gap:5px; }
#spd input { width:70px; accent-color:#4d9fff; }
#thresh { font-size:10px; color:#333; display:flex; align-items:center; gap:5px; }
#thresh input { width:70px; accent-color:#4d9fff; }
#legend { font-size:9px; color:#333; display:flex; gap:12px; align-items:center; }
.leg { display:flex; align-items:center; gap:4px; }
.leg-line { width:20px; height:2px; }
</style>
</head>
<body>
<div id="header">
  <h1>EEG Visibility Graph Network · CHB01 · 23 Electrodes</h1>
  <div id="phase" class="pre">PRE-ICTAL</div>
  <div id="metrics">
    <div class="met"><div class="met-label">Time</div><div class="met-val" id="m-t" style="color:#555">0s</div></div>
    <div class="met"><div class="met-label">Mean VG degree</div><div class="met-val" id="m-d">0.00</div></div>
    <div class="met"><div class="met-label">Mean connectivity</div><div class="met-val" id="m-c">0.00</div></div>
    <div class="met"><div class="met-label">Active edges</div><div class="met-val" id="m-e">0</div></div>
  </div>
</div>
<div id="main">
  <div id="sidebar">
    <h2>VG Degree per electrode</h2>
    <div id="elec-list"></div>
  </div>
  <div id="canvas-wrap"><canvas id="c"></canvas></div>
</div>
<div id="controls">
  <button id="play-btn" onclick="togglePlay()">▶</button>
  <div id="tl">
    <div id="tl-bg"></div>
    <div id="tl-pre"></div>
    <div id="tl-ict"></div>
    <div id="tl-fill"></div>
    <div id="tl-sz" title="Seizure onset"></div>
    <div id="tl-cursor"></div>
    <div class="tl-tick" style="left:0%">0s</div>
    <div class="tl-tick" style="left:16.7%">5s</div>
    <div class="tl-tick" style="left:33.3%">10s</div>
    <div class="tl-tick" style="left:50%;color:#ff5533">⚡15s</div>
    <div class="tl-tick" style="left:66.7%">20s</div>
    <div class="tl-tick" style="left:83.3%">25s</div>
    <div class="tl-tick" style="left:100%">30s</div>
  </div>
  <div id="time-lbl">t = 0s</div>
  <div id="thresh">Edge threshold <input type="range" id="thr" min="0" max="95" value="30" step="5"><span id="thr-val">0.30</span></div>
  <div id="spd">Speed <input type="range" id="spd-in" min="200" max="1800" value="800" step="100"></div>
  <div id="legend">
    <div class="leg"><div class="leg-line" style="background:#4d9fff"></div>Pre-ictal</div>
    <div class="leg"><div class="leg-line" style="background:#ff5533"></div>Ictal</div>
    <div class="leg"><span style="font-size:8px">Node size = VG degree · Edge thickness = correlation</span></div>
  </div>
</div>

<script>
const D = {"deg": [[0.015625, 0.140625, 0.0625, 0.0, 0.0, 0.0, 0.078125, 0.0, 0.0, 0.0, 0.0, 0.1640625, 0.1640625, 0.0, 0.0, 0.1796875, 0.1875, 0.4453125, 0.375, 0.4375, 0.046875, 0.34375, 1.0078125, 4.2890625, 2.3671875, 0.5703125, 1.1015625, 3.71875, 4.390625, 3.8203125], [0.046875, 0.296875, 0.25, 0.0, 0.0, 0.140625, 0.421875, 0.0, 0.0, 0.0, 0.0, 0.078125, 0.09375, 0.0, 0.0, 0.328125, 0.140625, 0.1328125, 0.734375, 1.1484375, 0.28125, 0.5703125, 1.7421875, 4.890625, 2.578125, 0.5859375, 0.78125, 1.453125, 4.1953125, 2.984375], [0.234375, 0.2421875, 0.4765625, 0.203125, 0.15625, 0.078125, 0.40625, 0.109375, 0.0, 0.09375, 0.265625, 0.3125, 0.3125, 0.0390625, 0.03125, 0.34375, 1.1328125, 0.875, 0.6640625, 0.7265625, 0.5078125, 0.78125, 0.9375, 2.4765625, 1.5703125, 0.9453125, 1.9375, 2.265625, 2.6640625, 3.1015625], [0.4921875, 0.5546875, 0.265625, 0.3359375, 0.28125, 0.6484375, 0.65625, 0.1328125, 0.265625, 0.2890625, 0.328125, 0.421875, 0.3046875, 0.0625, 0.2734375, 0.265625, 0.5, 0.515625, 0.3515625, 0.7734375, 0.4140625, 1.0625, 1.40625, 1.3671875, 1.4296875, 1.59375, 2.0859375, 1.9296875, 2.6953125, 2.1875], [0.0, 0.34375, 0.0625, 0.0, 0.0, 0.0625, 1.0703125, 0.0078125, 0.0, 0.0, 0.0, 1.0390625, 0.6640625, 0.0, 0.0, 0.421875, 0.28125, 0.734375, 0.0859375, 0.0546875, 0.046875, 0.296875, 0.6640625, 3.1328125, 2.109375, 1.2265625, 1.078125, 3.3828125, 3.6328125, 3.5078125], [0.03125, 0.2265625, 0.2109375, 0.015625, 0.015625, 0.609375, 0.9296875, 0.015625, 0.015625, 0.0390625, 0.078125, 0.859375, 1.078125, 0.046875, 0.015625, 0.9140625, 0.2109375, 0.203125, 0.1875, 0.21875, 0.078125, 0.8984375, 0.7265625, 4.0546875, 2.0546875, 0.6875, 0.3828125, 2.53125, 4.078125, 2.4765625], [0.03125, 1.0625, 0.484375, 0.140625, 0.2265625, 0.2265625, 1.375, 0.140625, 0.09375, 0.125, 0.15625, 1.375, 0.6484375, 0.2265625, 0.125, 0.671875, 0.96875, 1.109375, 0.5859375, 0.8125, 0.4296875, 0.59375, 0.5390625, 1.8046875, 0.8828125, 0.6484375, 1.28125, 2.359375, 2.4453125, 2.3359375], [0.3203125, 0.421875, 1.1484375, 0.3671875, 0.5390625, 0.3515625, 1.4375, 0.3203125, 0.1796875, 0.2109375, 0.5234375, 0.515625, 1.3203125, 0.1015625, 0.2265625, 0.3046875, 1.0703125, 1.0078125, 0.484375, 0.421875, 0.5703125, 0.890625, 1.078125, 1.1640625, 1.484375, 1.1953125, 1.09375, 1.25, 2.15625, 1.71875], [0.0, 0.0, 0.0, 0.0, 0.0, 0.0, 0.0078125, 0.0, 0.0, 0.0, 0.4140625, 0.0, 0.0, 0.0, 0.0, 0.0, 0.0, 0.4453125, 0.4453125, 0.15625, 0.6171875, 0.9140625, 1.1640625, 2.234375, 1.8046875, 1.8125, 2.4453125, 3.8046875, 3.8671875, 3.8046875], [0.0, 0.03125, 0.0, 0.0, 0.09375, 0.0625, 0.0, 0.0, 0.0, 0.0, 0.5625, 0.1875, 0.0625, 0.0, 0.0, 0.078125, 0.2265625, 0.6171875, 0.078125, 0.234375, 0.765625, 1.796875, 2.4296875, 2.4453125, 1.6015625, 1.3359375, 1.734375, 3.03125, 3.515625, 3.015625], [0.0, 0.0, 0.0, 0.015625, 0.359375, 0.25, 0.171875, 0.0, 0.0, 0.0, 0.328125, 0.46875, 0.109375, 0.0, 0.0, 0.1875, 0.3203125, 1.21875, 0.625, 0.484375, 0.78125, 1.78125, 2.453125, 2.453125, 2.2734375, 1.1953125, 1.296875, 2.25, 2.421875, 2.4453125], [0.234375, 0.1015625, 0.1953125, 0.078125, 0.2734375, 1.2265625, 0.359375, 0.046875, 0.03125, 0.0, 0.5234375, 0.65625, 0.8203125, 0.0859375, 0.109375, 0.375, 0.625, 1.0234375, 1.2578125, 0.6875, 1.2734375, 1.8515625, 1.765625, 1.6953125, 1.609375, 1.265625, 0.984375, 1.53125, 1.640625, 1.515625], [0.0, 0.0, 0.0, 0.0, 0.0, 0.0, 0.0, 0.0, 0.0, 0.0, 0.0, 0.0, 0.0, 0.0, 0.0, 0.0, 0.0, 0.0, 0.0, 0.0, 0.21875, 2.0859375, 3.09375, 2.9609375, 2.546875, 1.0546875, 1.640625, 3.421875, 3.875, 3.0234375], [0.0, 0.0, 0.0, 0.0, 0.0, 0.0, 0.0, 0.0, 0.0, 0.0, 0.0, 0.0, 0.0, 0.0, 0.0, 0.0, 0.0, 0.0, 0.0, 0.0703125, 0.5390625, 2.28125, 3.3671875, 3.25, 2.609375, 1.5078125, 1.6328125, 2.875, 3.3046875, 2.46875], [0.0, 0.0, 0.0, 0.0, 0.0, 0.0, 0.0, 0.0, 0.0, 0.0, 0.0, 0.0, 0.0, 0.0, 0.0, 0.0, 0.140625, 0.09375, 0.0, 0.03125, 0.6796875, 2.3125, 2.359375, 3.109375, 2.1328125, 1.9375, 1.6953125, 3.1875, 2.96875, 3.2109375], [0.09375, 0.0625, 0.078125, 0.1484375, 0.1640625, 0.15625, 0.03125, 0.09375, 0.0, 0.078125, 0.0, 0.140625, 0.1484375, 0.0078125, 0.0, 0.140625, 0.109375, 0.8203125, 0.6171875, 0.546875, 1.2265625, 1.640625, 2.4765625, 2.6328125, 2.8671875, 2.546875, 2.5390625, 1.7109375, 1.0234375, 1.7109375], [0.234375, 0.265625, 0.1484375, 0.015625, 0.0546875, 0.328125, 1.34375, 0.078125, 0.0078125, 0.0390625, 0.6015625, 1.265625, 1.7734375, 0.1796875, 0.0, 0.6015625, 1.0078125, 1.5234375, 0.203125, 0.3203125, 1.0234375, 1.484375, 1.28125, 1.2421875, 0.5, 1.2109375, 1.09375, 1.7265625, 2.4375, 1.8671875], [0.203125, 1.1328125, 0.390625, 0.0234375, 0.3125, 0.578125, 1.34375, 0.0, 0.0, 0.0078125, 0.28125, 1.8046875, 0.921875, 0.0625, 0.015625, 0.5625, 1.140625, 2.03125, 0.90625, 0.484375, 0.9453125, 0.6953125, 0.8828125, 1.03125, 1.5234375, 0.6640625, 1.0390625, 2.140625, 1.5625, 1.21875], [0.34375, 0.03125, 0.109375, 0.015625, 0.0, 0.0, 0.4375, 0.015625, 0.0, 0.0078125, 0.09375, 0.34375, 0.5390625, 0.0, 0.0, 0.3671875, 0.640625, 0.8984375, 0.4296875, 0.984375, 0.7265625, 1.3671875, 1.203125, 1.671875, 1.3359375, 1.9453125, 2.046875, 2.53125, 2.7109375, 3.078125], [0.5625, 0.1796875, 0.2734375, 0.2734375, 0.359375, 0.203125, 0.578125, 0.3515625, 0.328125, 0.21875, 0.34375, 0.4453125, 0.6796875, 0.15625, 0.265625, 0.53125, 0.578125, 1.125, 1.046875, 1.1171875, 0.6640625, 0.9296875, 0.9296875, 1.6015625, 1.0, 1.375, 1.4140625, 1.78125, 2.453125, 2.125], [0.03125, 0.09375, 0.015625, 0.0, 0.109375, 0.0625, 0.046875, 0.046875, 0.0078125, 0.1328125, 0.046875, 0.046875, 0.0625, 0.0078125, 0.0546875, 0.296875, 0.6875, 0.5, 0.359375, 0.203125, 1.125, 1.9453125, 2.765625, 3.015625, 1.8046875, 1.3984375, 1.828125, 2.015625, 2.28125, 2.8828125], [0.0, 0.0, 0.0, 0.0, 0.0, 0.0, 0.0, 0.0, 0.0, 0.0, 0.0, 0.0, 0.0, 0.0, 0.0, 0.0, 0.0, 0.046875, 0.0, 0.109375, 0.5859375, 2.6328125, 2.828125, 2.78125, 2.4375, 2.09375, 1.8203125, 3.109375, 2.71875, 2.7421875], [0.0, 0.0, 0.0, 0.0, 0.0, 0.0, 0.0, 0.0, 0.0, 0.0, 0.0, 0.0, 0.0, 0.0, 0.0, 0.0, 0.140625, 0.09375, 0.0, 0.03125, 0.6796875, 2.3125, 2.359375, 3.109375, 2.1328125, 1.9375, 1.6953125, 3.1875, 2.96875, 3.2109375]], "adj": [[[0.0, 0.0, 0.0, 0.0, 0.0, 0.0, 0.0, 0.0, 0.0, 0.0, 0.0, 0.0, 0.0, 0.0, 0.0, 0.0, 0.0, 0.0, 0.0, 0.0, 0.0, 0.0, 0.0], [0.0, 0.0, 0.0, 0.0, 0.0, 0.0, 0.0, 0.0, 0.0, 0.0, 0.0, 0.0, 0.0, 0.0, 0.0, 0.0, 0.0, 0.0, 0.0, 0.0, 0.0, 0.0, 0.0], [0.0, 0.0, 0.0, 0.0, 0.0, 0.0, 0.0, 0.0, 0.0, 0.0, 0.0, 0.0, 0.0, 0.0, 0.0, 0.0, 0.0, 0.0, 0.0, 0.0, 0.0, 0.0, 0.0], [0.0, 0.0, 0.0, 0.0, 0.0, 0.0, 0.0, 0.0, 0.0, 0.0, 0.0, 0.0, 0.0, 0.0, 0.0, 0.0, 0.0, 0.0, 0.0, 0.0, 0.0, 0.0, 0.0], [0.0, 0.0, 0.0, 0.0, 0.0, 0.0, 0.0, 0.0, 0.0, 0.0, 0.0, 0.0, 0.0, 0.0, 0.0, 0.0, 0.0, 0.0, 0.0, 0.0, 0.0, 0.0, 0.0], [0.0, 0.0, 0.0, 0.0, 0.0, 0.0, 0.0, 0.0, 0.0, 0.0, 0.0, 0.0, 0.0, 0.0, 0.0, 0.0, 0.0, 0.0, 0.0, 0.0, 0.0, 0.0, 0.0], [0.0, 0.0, 0.0, 0.0, 0.0, 0.0, 0.0, 0.0, 0.0, 0.0, 0.0, 0.0, 0.0, 0.0, 0.0, 0.0, 0.0, 0.0, 0.0, 0.0, 0.0, 0.0, 0.0], [0.0, 0.0, 0.0, 0.0, 0.0, 0.0, 0.0, 0.0, 0.0, 0.0, 0.0, 0.0, 0.0, 0.0, 0.0, 0.0, 0.0, 0.0, 0.0, 0.0, 0.0, 0.0, 0.0], [0.0, 0.0, 0.0, 0.0, 0.0, 0.0, 0.0, 0.0, 0.0, 0.0, 0.0, 0.0, 0.0, 0.0, 0.0, 0.0, 0.0, 0.0, 0.0, 0.0, 0.0, 0.0, 0.0], [0.0, 0.0, 0.0, 0.0, 0.0, 0.0, 0.0, 0.0, 0.0, 0.0, 0.0, 0.0, 0.0, 0.0, 0.0, 0.0, 0.0, 0.0, 0.0, 0.0, 0.0, 0.0, 0.0], [0.0, 0.0, 0.0, 0.0, 0.0, 0.0, 0.0, 0.0, 0.0, 0.0, 0.0, 0.0, 0.0, 0.0, 0.0, 0.0, 0.0, 0.0, 0.0, 0.0, 0.0, 0.0, 0.0], [0.0, 0.0, 0.0, 0.0, 0.0, 0.0, 0.0, 0.0, 0.0, 0.0, 0.0, 0.0, 0.0, 0.0, 0.0, 0.0, 0.0, 0.0, 0.0, 0.0, 0.0, 0.0, 0.0], [0.0, 0.0, 0.0, 0.0, 0.0, 0.0, 0.0, 0.0, 0.0, 0.0, 0.0, 0.0, 0.0, 0.0, 0.0, 0.0, 0.0, 0.0, 0.0, 0.0, 0.0, 0.0, 0.0], [0.0, 0.0, 0.0, 0.0, 0.0, 0.0, 0.0, 0.0, 0.0, 0.0, 0.0, 0.0, 0.0, 0.0, 0.0, 0.0, 0.0, 0.0, 0.0, 0.0, 0.0, 0.0, 0.0], [0.0, 0.0, 0.0, 0.0, 0.0, 0.0, 0.0, 0.0, 0.0, 0.0, 0.0, 0.0, 0.0, 0.0, 0.0, 0.0, 0.0, 0.0, 0.0, 0.0, 0.0, 0.0, 0.0], [0.0, 0.0, 0.0, 0.0, 0.0, 0.0, 0.0, 0.0, 0.0, 0.0, 0.0, 0.0, 0.0, 0.0, 0.0, 0.0, 0.0, 0.0, 0.0, 0.0, 0.0, 0.0, 0.0], [0.0, 0.0, 0.0, 0.0, 0.0, 0.0, 0.0, 0.0, 0.0, 0.0, 0.0, 0.0, 0.0, 0.0, 0.0, 0.0, 0.0, 0.0, 0.0, 0.0, 0.0, 0.0, 0.0], [0.0, 0.0, 0.0, 0.0, 0.0, 0.0, 0.0, 0.0, 0.0, 0.0, 0.0, 0.0, 0.0, 0.0, 0.0, 0.0, 0.0, 0.0, 0.0, 0.0, 0.0, 0.0, 0.0], [0.0, 0.0, 0.0, 0.0, 0.0, 0.0, 0.0, 0.0, 0.0, 0.0, 0.0, 0.0, 0.0, 0.0, 0.0, 0.0, 0.0, 0.0, 0.0, 0.0, 0.0, 0.0, 0.0], [0.0, 0.0, 0.0, 0.0, 0.0, 0.0, 0.0, 0.0, 0.0, 0.0, 0.0, 0.0, 0.0, 0.0, 0.0, 0.0, 0.0, 0.0, 0.0, 0.0, 0.0, 0.0, 0.0], [0.0, 0.0, 0.0, 0.0, 0.0, 0.0, 0.0, 0.0, 0.0, 0.0, 0.0, 0.0, 0.0, 0.0, 0.0, 0.0, 0.0, 0.0, 0.0, 0.0, 0.0, 0.0, 0.0], [0.0, 0.0, 0.0, 0.0, 0.0, 0.0, 0.0, 0.0, 0.0, 0.0, 0.0, 0.0, 0.0, 0.0, 0.0, 0.0, 0.0, 0.0, 0.0, 0.0, 0.0, 0.0, 0.0], [0.0, 0.0, 0.0, 0.0, 0.0, 0.0, 0.0, 0.0, 0.0, 0.0, 0.0, 0.0, 0.0, 0.0, 0.0, 0.0, 0.0, 0.0, 0.0, 0.0, 0.0, 0.0, 0.0]], [[0.0, 1.0, 1.0, 1.0, 1.0, 1.0, 1.0, 1.0, 0.0, 1.0, 0.0, 0.0, 0.0, 0.0, 0.0, 0.0, 1.0, 1.0, 0.0, 0.0, 1.0, 0.0, 0.0], [1.0, 0.0, 1.0, 1.0, 1.0, 1.0, 1.0, 1.0, 0.0, 1.0, 0.0, 0.0, 0.0, 0.0, 0.0, 0.0, 1.0, 1.0, 0.0, 0.0, 1.0, 0.0, 0.0], [1.0, 1.0, 0.0, 1.0, 1.0, 1.0, 1.0, 1.0, 0.0, 1.0, 0.0, 0.0, 0.0, 0.0, 0.0, 0.0, 1.0, 1.0, 0.0, 0.0, 1.0, 0.0, 0.0], [1.0, 1.0, 1.0, 0.0, 1.0, 1.0, 1.0, 1.0, 0.0, 1.0, 0.0, 0.0, 0.0, 0.0, 0.0, 0.0, 1.0, 1.0, 0.0, 0.0, 1.0, 0.0, 0.0], [1.0, 1.0, 1.0, 1.0, 0.0, 1.0, 1.0, 1.0, 0.0, 1.0, 0.0, 0.0, 0.0, 0.0, 0.0, 0.0, 1.0, 1.0, 0.0, 0.0, 1.0, 0.0, 0.0], [1.0, 1.0, 1.0, 1.0, 1.0, 0.0, 1.0, 1.0, 0.0, 1.0, 0.0, 0.0, 0.0, 0.0, 0.0, 0.0, 1.0, 1.0, 0.0, 0.0, 1.0, 0.0, 0.0], [1.0, 1.0, 1.0, 1.0, 1.0, 1.0, 0.0, 1.0, 0.0, 1.0, 0.0, 0.0, 0.0, 0.0, 0.0, 0.0, 1.0, 1.0, 0.0, 0.0, 1.0, 0.0, 0.0], [1.0, 1.0, 1.0, 1.0, 1.0, 1.0, 1.0, 0.0, 0.0, 1.0, 0.0, 0.0, 0.0, 0.0, 0.0, 0.0, 1.0, 1.0, 0.0, 0.0, 1.0, 0.0, 0.0], [0.0, 0.0, 0.0, 0.0, 0.0, 0.0, 0.0, 0.0, 0.0, 0.0, 0.0, 0.0, 0.0, 0.0, 0.0, 0.0, 0.0, 0.0, 0.0, 0.0, 0.0, 0.0, 0.0], [1.0, 1.0, 1.0, 1.0, 1.0, 1.0, 1.0, 1.0, 0.0, 0.0, 0.0, 0.0, 0.0, 0.0, 0.0, 0.0, 1.0, 1.0, 0.0, 0.0, 1.0, 0.0, 0.0], [0.0, 0.0, 0.0, 0.0, 0.0, 0.0, 0.0, 0.0, 0.0, 0.0, 0.0, 0.0, 0.0, 0.0, 0.0, 0.0, 0.0, 0.0, 0.0, 0.0, 0.0, 0.0, 0.0], [0.0, 0.0, 0.0, 0.0, 0.0, 0.0, 0.0, 0.0, 0.0, 0.0, 0.0, 0.0, 0.0, 0.0, 0.0, 1.0, 0.0, 0.0, 1.0, 1.0, 0.0, 0.0, 0.0], [0.0, 0.0, 0.0, 0.0, 0.0, 0.0, 0.0, 0.0, 0.0, 0.0, 0.0, 0.0, 0.0, 0.0, 0.0, 0.0, 0.0, 0.0, 0.0, 0.0, 0.0, 0.0, 0.0], [0.0, 0.0, 0.0, 0.0, 0.0, 0.0, 0.0, 0.0, 0.0, 0.0, 0.0, 0.0, 0.0, 0.0, 0.0, 0.0, 0.0, 0.0, 0.0, 0.0, 0.0, 0.0, 0.0], [0.0, 0.0, 0.0, 0.0, 0.0, 0.0, 0.0, 0.0, 0.0, 0.0, 0.0, 0.0, 0.0, 0.0, 0.0, 0.0, 0.0, 0.0, 0.0, 0.0, 0.0, 0.0, 0.0], [0.0, 0.0, 0.0, 0.0, 0.0, 0.0, 0.0, 0.0, 0.0, 0.0, 0.0, 1.0, 0.0, 0.0, 0.0, 0.0, 0.0, 0.0, 1.0, 1.0, 0.0, 0.0, 0.0], [1.0, 1.0, 1.0, 1.0, 1.0, 1.0, 1.0, 1.0, 0.0, 1.0, 0.0, 0.0, 0.0, 0.0, 0.0, 0.0, 0.0, 1.0, 0.0, 0.0, 1.0, 0.0, 0.0], [1.0, 1.0, 1.0, 1.0, 1.0, 1.0, 1.0, 1.0, 0.0, 1.0, 0.0, 0.0, 0.0, 0.0, 0.0, 0.0, 1.0, 0.0, 0.0, 0.0, 1.0, 0.0, 0.0], [0.0, 0.0, 0.0, 0.0, 0.0, 0.0, 0.0, 0.0, 0.0, 0.0, 0.0, 1.0, 0.0, 0.0, 0.0, 1.0, 0.0, 0.0, 0.0, 1.0, 0.0, 0.0, 0.0], [0.0, 0.0, 0.0, 0.0, 0.0, 0.0, 0.0, 0.0, 0.0, 0.0, 0.0, 1.0, 0.0, 0.0, 0.0, 1.0, 0.0, 0.0, 1.0, 0.0, 0.0, 0.0, 0.0], [1.0, 1.0, 1.0, 1.0, 1.0, 1.0, 1.0, 1.0, 0.0, 1.0, 0.0, 0.0, 0.0, 0.0, 0.0, 0.0, 1.0, 1.0, 0.0, 0.0, 0.0, 0.0, 0.0], [0.0, 0.0, 0.0, 0.0, 0.0, 0.0, 0.0, 0.0, 0.0, 0.0, 0.0, 0.0, 0.0, 0.0, 0.0, 0.0, 0.0, 0.0, 0.0, 0.0, 0.0, 0.0, 0.0], [0.0, 0.0, 0.0, 0.0, 0.0, 0.0, 0.0, 0.0, 0.0, 0.0, 0.0, 0.0, 0.0, 0.0, 0.0, 0.0, 0.0, 0.0, 0.0, 0.0, 0.0, 0.0, 0.0]], [[0.0, 0.8825, 0.0, 0.3432, 0.9783, 0.8282, 0.9973, 0.0, 0.0, 0.9286, 0.0, 0.0, 0.0, 0.0, 0.0, 0.0, 0.3929, 0.9823, 0.0, 0.0, 0.8417, 0.0, 0.0], [0.8825, 0.0, 0.366, 0.0, 0.7659, 0.9945, 0.9146, 0.443, 0.0, 0.6449, 0.0, 0.0, 0.0, 0.0, 0.0, 0.0, 0.0, 0.7788, 0.0, 0.0, 0.4888, 0.0, 0.0], [0.0, 0.366, 0.0, 0.0, 0.0, 0.4617, 0.0, 0.9965, 0.0, 0.0, 0.0, 0.2036, 0.0, 0.0, 0.0, 0.0, 0.0, 0.0, 0.0, 0.0, 0.0, 0.0, 0.0], [0.3432, 0.0, 0.0, 0.0, 0.5304, 0.0, 0.2733, 0.0, 0.0, 0.6673, 0.0, 0.0, 0.0, 0.0, 0.0, 0.0, 0.9986, 0.513, 0.074, 0.0794, 0.796, 0.0, 0.0], [0.9783, 0.7659, 0.0, 0.5304, 0.0, 0.6941, 0.9604, 0.0, 0.0, 0.9853, 0.0, 0.0, 0.0, 0.0, 0.0, 0.0, 0.5749, 0.9998, 0.0, 0.0, 0.9353, 0.0, 0.0], [0.8282, 0.9945, 0.4617, 0.0, 0.6941, 0.0, 0.8671, 0.5348, 0.0, 0.561, 0.0, 0.0, 0.0, 0.0, 0.0, 0.0, 0.0, 0.7086, 0.0, 0.0, 0.3945, 0.0, 0.0], [0.9973, 0.9146, 0.0, 0.2733, 0.9604, 0.8671, 0.0, 0.0428, 0.0, 0.8988, 0.0, 0.0, 0.0, 0.0, 0.0, 0.0, 0.3243, 0.9659, 0.0, 0.0, 0.7998, 0.0, 0.0], [0.0, 0.443, 0.9965, 0.0, 0.0, 0.5348, 0.0428, 0.0, 0.0, 0.0, 0.0, 0.1204, 0.0, 0.0, 0.0, 0.0, 0.0, 0.0, 0.0, 0.0, 0.0, 0.0, 0.0], [0.0, 0.0, 0.0, 0.0, 0.0, 0.0, 0.0, 0.0, 0.0, 0.0, 0.0, 0.0, 0.0, 0.0, 0.0, 0.0, 0.0, 0.0, 0.0, 0.0, 0.0, 0.0, 0.0], [0.9286, 0.6449, 0.0, 0.6673, 0.9853, 0.561, 0.8988, 0.0, 0.0, 0.0, 0.0, 0.0, 0.0, 0.0, 0.0, 0.0, 0.7061, 0.9817, 0.0, 0.0, 0.982, 0.0, 0.0], [0.0, 0.0, 0.0, 0.0, 0.0, 0.0, 0.0, 0.0, 0.0, 0.0, 0.0, 0.0, 0.0, 0.0, 0.0, 0.0, 0.0, 0.0, 0.0, 0.0, 0.0, 0.0, 0.0], [0.0, 0.0, 0.2036, 0.0, 0.0, 0.0, 0.0, 0.1204, 0.0, 0.0, 0.0, 0.0, 0.0, 0.0, 0.0, 0.9729, 0.0, 0.0, 0.8706, 0.8679, 0.0, 0.0, 0.0], [0.0, 0.0, 0.0, 0.0, 0.0, 0.0, 0.0, 0.0, 0.0, 0.0, 0.0, 0.0, 0.0, 0.0, 0.0, 0.0, 0.0, 0.0, 0.0, 0.0, 0.0, 0.0, 0.0], [0.0, 0.0, 0.0, 0.0, 0.0, 0.0, 0.0, 0.0, 0.0, 0.0, 0.0, 0.0, 0.0, 0.0, 0.0, 0.0, 0.0, 0.0, 0.0, 0.0, 0.0, 0.0, 0.0], [0.0, 0.0, 0.0, 0.0, 0.0, 0.0, 0.0, 0.0, 0.0, 0.0, 0.0, 0.0, 0.0, 0.0, 0.0, 0.0, 0.0, 0.0, 0.0, 0.0, 0.0, 0.0, 0.0], [0.0, 0.0, 0.0, 0.0, 0.0, 0.0, 0.0, 0.0, 0.0, 0.0, 0.0, 0.9729, 0.0, 0.0, 0.0, 0.0, 0.0, 0.0, 0.9608, 0.9592, 0.0, 0.0, 0.0], [0.3929, 0.0, 0.0, 0.9986, 0.5749, 0.0, 0.3243, 0.0, 0.0, 0.7061, 0.0, 0.0, 0.0, 0.0, 0.0, 0.0, 0.0, 0.5582, 0.0206, 0.026, 0.8272, 0.0, 0.0], [0.9823, 0.7788, 0.0, 0.513, 0.9998, 0.7086, 0.9659, 0.0, 0.0, 0.9817, 0.0, 0.0, 0.0, 0.0, 0.0, 0.0, 0.5582, 0.0, 0.0, 0.0, 0.9279, 0.0, 0.0], [0.0, 0.0, 0.0, 0.074, 0.0, 0.0, 0.0, 0.0, 0.0, 0.0, 0.0, 0.8706, 0.0, 0.0, 0.0, 0.9608, 0.0206, 0.0, 0.0, 1.0, 0.0, 0.0, 0.0], [0.0, 0.0, 0.0, 0.0794, 0.0, 0.0, 0.0, 0.0, 0.0, 0.0, 0.0, 0.8679, 0.0, 0.0, 0.0, 0.9592, 0.026, 0.0, 1.0, 0.0, 0.0, 0.0, 0.0], [0.8417, 0.4888, 0.0, 0.796, 0.9353, 0.3945, 0.7998, 0.0, 0.0, 0.982, 0.0, 0.0, 0.0, 0.0, 0.0, 0.0, 0.8272, 0.9279, 0.0, 0.0, 0.0, 0.0, 0.0], [0.0, 0.0, 0.0, 0.0, 0.0, 0.0, 0.0, 0.0, 0.0, 0.0, 0.0, 0.0, 0.0, 0.0, 0.0, 0.0, 0.0, 0.0, 0.0, 0.0, 0.0, 0.0, 0.0], [0.0, 0.0, 0.0, 0.0, 0.0, 0.0, 0.0, 0.0, 0.0, 0.0, 0.0, 0.0, 0.0, 0.0, 0.0, 0.0, 0.0, 0.0, 0.0, 0.0, 0.0, 0.0, 0.0]], [[0.0, 0.9046, 0.0683, 0.7681, 0.9588, 0.8673, 0.9967, 0.0, 0.0, 0.8963, 0.0, 0.1257, 0.0, 0.0, 0.0, 0.0, 0.995, 0.9917, 0.092, 0.0, 0.9543, 0.0, 0.0], [0.9046, 0.0, 0.487, 0.422, 0.7463, 0.9967, 0.8668, 0.425, 0.0, 0.6218, 0.0, 0.5365, 0.0, 0.0, 0.0, 0.0, 0.9427, 0.8425, 0.5076, 0.0, 0.736, 0.0, 0.0], [0.0683, 0.487, 0.0, 0.0, 0.0, 0.556, 0.0, 0.9976, 0.0, 0.0, 0.0, 0.9983, 0.0, 0.0, 0.0, 0.0, 0.1677, 0.0, 0.9997, 0.3812, 0.0, 0.0, 0.0], [0.7681, 0.422, 0.0, 0.0, 0.9184, 0.3473, 0.8178, 0.0, 0.0, 0.9724, 0.0, 0.0, 0.0, 0.0, 0.0, 0.0, 0.7003, 0.8439, 0.0, 0.0, 0.9243, 0.0, 0.0], [0.9588, 0.7463, 0.0, 0.9184, 0.0, 0.6901, 0.9788, 0.0, 0.0, 0.9853, 0.0, 0.0, 0.0, 0.0, 0.0, 0.0, 0.9256, 0.9873, 0.0, 0.0, 0.9999, 0.0, 0.0], [0.8673, 0.9967, 0.556, 0.3473, 0.6901, 0.0, 0.8237, 0.4967, 0.0, 0.5565, 0.0, 0.603, 0.0, 0.0, 0.0, 0.0, 0.9127, 0.7962, 0.5755, 0.0, 0.6789, 0.0, 0.0], [0.9967, 0.8668, 0.0, 0.8178, 0.9788, 0.8237, 0.0, 0.0, 0.0, 0.9295, 0.0, 0.0444, 0.0, 0.0, 0.0, 0.0, 0.9835, 0.9989, 0.0104, 0.0, 0.9755, 0.0, 0.0], [0.0, 0.425, 0.9976, 0.0, 0.0, 0.4967, 0.0, 0.0, 0.0, 0.0, 0.0, 0.9919, 0.0, 0.0, 0.0, 0.0, 0.0986, 0.0, 0.9956, 0.4447, 0.0, 0.0, 0.0], [0.0, 0.0, 0.0, 0.0, 0.0, 0.0, 0.0, 0.0, 0.0, 0.0, 0.0, 0.0, 0.0, 0.0, 0.0, 0.0, 0.0, 0.0, 0.0, 0.0, 0.0, 0.0, 0.0], [0.8963, 0.6218, 0.0, 0.9724, 0.9853, 0.5565, 0.9295, 0.0, 0.0, 0.0, 0.0, 0.0, 0.0, 0.0, 0.0, 0.0, 0.8474, 0.9458, 0.0, 0.0, 0.9878, 0.0, 0.0], [0.0, 0.0, 0.0, 0.0, 0.0, 0.0, 0.0, 0.0, 0.0, 0.0, 0.0, 0.0, 0.0, 0.0, 0.0, 0.9853, 0.0, 0.0, 0.0, 0.5, 0.0, 0.0, 0.0], [0.1257, 0.5365, 0.9983, 0.0, 0.0, 0.603, 0.0444, 0.9919, 0.0, 0.0, 0.0, 0.0, 0.0, 0.0, 0.0, 0.0, 0.2243, 0.0, 0.9994, 0.3273, 0.0, 0.0, 0.0], [0.0, 0.0, 0.0, 0.0, 0.0, 0.0, 0.0, 0.0, 0.0, 0.0, 0.0, 0.0, 0.0, 0.0, 0.0, 0.0, 0.0, 0.0, 0.0, 0.0, 0.0, 0.0, 0.0], [0.0, 0.0, 0.0, 0.0, 0.0, 0.0, 0.0, 0.0, 0.0, 0.0, 0.0, 0.0, 0.0, 0.0, 0.0, 0.0, 0.0, 0.0, 0.0, 0.0, 0.0, 0.0, 0.0], [0.0, 0.0, 0.0, 0.0, 0.0, 0.0, 0.0, 0.0, 0.0, 0.0, 0.0, 0.0, 0.0, 0.0, 0.0, 0.0, 0.0, 0.0, 0.0, 0.0, 0.0, 0.0, 0.0], [0.0, 0.0, 0.0, 0.0, 0.0, 0.0, 0.0, 0.0, 0.0, 0.0, 0.9853, 0.0, 0.0, 0.0, 0.0, 0.0, 0.0, 0.0, 0.0, 0.6405, 0.0, 0.0, 0.0], [0.995, 0.9427, 0.1677, 0.7003, 0.9256, 0.9127, 0.9835, 0.0986, 0.0, 0.8474, 0.0, 0.2243, 0.0, 0.0, 0.0, 0.0, 0.0, 0.9739, 0.1911, 0.0, 0.9197, 0.0, 0.0], [0.9917, 0.8425, 0.0, 0.8439, 0.9873, 0.7962, 0.9989, 0.0, 0.0, 0.9458, 0.0, 0.0, 0.0, 0.0, 0.0, 0.0, 0.9739, 0.0, 0.0, 0.0, 0.9848, 0.0, 0.0], [0.092, 0.5076, 0.9997, 0.0, 0.0, 0.5755, 0.0104, 0.9956, 0.0, 0.0, 0.0, 0.9994, 0.0, 0.0, 0.0, 0.0, 0.1911, 0.0, 0.0, 0.3592, 0.0, 0.0, 0.0], [0.0, 0.0, 0.3812, 0.0, 0.0, 0.0, 0.0, 0.4447, 0.0, 0.0, 0.5, 0.3273, 0.0, 0.0, 0.0, 0.6405, 0.0, 0.0, 0.3592, 0.0, 0.0, 0.0, 0.0], [0.9543, 0.736, 0.0, 0.9243, 0.9999, 0.6789, 0.9755, 0.0, 0.0, 0.9878, 0.0, 0.0, 0.0, 0.0, 0.0, 0.0, 0.9197, 0.9848, 0.0, 0.0, 0.0, 0.0, 0.0], [0.0, 0.0, 0.0, 0.0, 0.0, 0.0, 0.0, 0.0, 0.0, 0.0, 0.0, 0.0, 0.0, 0.0, 0.0, 0.0, 0.0, 0.0, 0.0, 0.0, 0.0, 0.0, 0.0], [0.0, 0.0, 0.0, 0.0, 0.0, 0.0, 0.0, 0.0, 0.0, 0.0, 0.0, 0.0, 0.0, 0.0, 0.0, 0.0, 0.0, 0.0, 0.0, 0.0, 0.0, 0.0, 0.0]], [[0.0, 1.0, 0.9908, 0.0, 1.0, 1.0, 0.9707, 0.9778, 0.0, 0.0, 0.0, 0.1147, 0.0, 0.0, 0.0, 0.0, 0.9582, 0.6646, 0.9912, 0.0, 0.0, 0.0, 0.0], [1.0, 0.0, 0.9908, 0.0, 1.0, 1.0, 0.9707, 0.9778, 0.0, 0.0, 0.0, 0.1147, 0.0, 0.0, 0.0, 0.0, 0.9582, 0.6646, 0.9912, 0.0, 0.0, 0.0, 0.0], [0.9908, 0.9908, 0.0, 0.0, 0.9908, 0.9908, 0.9292, 0.9405, 0.0, 0.0, 0.0, 0.0, 0.0, 0.0, 0.0, 0.0, 0.9106, 0.5572, 1.0, 0.0, 0.0, 0.0, 0.0], [0.0, 0.0, 0.0, 0.0, 0.0, 0.0, 0.0, 0.0, 0.0, 0.0, 0.0, 0.0, 0.0, 0.0, 0.0, 0.5357, 0.0, 0.0, 0.0, 0.0, 0.0, 0.0, 0.0], [1.0, 1.0, 0.9908, 0.0, 0.0, 1.0, 0.9707, 0.9778, 0.0, 0.0, 0.0, 0.1147, 0.0, 0.0, 0.0, 0.0, 0.9582, 0.6646, 0.9912, 0.0, 0.0, 0.0, 0.0], [1.0, 1.0, 0.9908, 0.0, 1.0, 0.0, 0.9707, 0.9778, 0.0, 0.0, 0.0, 0.1147, 0.0, 0.0, 0.0, 0.0, 0.9582, 0.6646, 0.9912, 0.0, 0.0, 0.0, 0.0], [0.9707, 0.9707, 0.9292, 0.0, 0.9707, 0.9707, 0.0, 0.9995, 0.0, 0.0, 0.0, 0.35, 0.0, 0.0, 0.0, 0.0, 0.9989, 0.8246, 0.9305, 0.0, 0.0, 0.0, 0.0], [0.9778, 0.9778, 0.9405, 0.0, 0.9778, 0.9778, 0.9995, 0.0, 0.0, 0.0, 0.0, 0.3201, 0.0, 0.0, 0.0, 0.0, 0.9969, 0.8063, 0.9416, 0.0, 0.0, 0.0, 0.0], [0.0, 0.0, 0.0, 0.0, 0.0, 0.0, 0.0, 0.0, 0.0, 0.0, 0.0, 0.0, 0.0, 0.0, 0.0, 0.0, 0.0, 0.0, 0.0, 0.0, 0.0, 0.0, 0.0], [0.0, 0.0, 0.0, 0.0, 0.0, 0.0, 0.0, 0.0, 0.0, 0.0, 0.9993, 0.803, 0.0, 0.0, 0.0, 0.6405, 0.0, 0.3148, 0.0, 1.0, 0.9912, 0.0, 0.0], [0.0, 0.0, 0.0, 0.0, 0.0, 0.0, 0.0, 0.0, 0.0, 0.9993, 0.0, 0.7794, 0.0, 0.0, 0.0, 0.6695, 0.0, 0.2781, 0.0, 0.9993, 0.9854, 0.0, 0.0], [0.1147, 0.1147, 0.0, 0.0, 0.1147, 0.1147, 0.35, 0.3201, 0.0, 0.803, 0.7794, 0.0, 0.0, 0.0, 0.0, 0.0565, 0.3942, 0.8185, 0.0, 0.803, 0.8746, 0.0, 0.0], [0.0, 0.0, 0.0, 0.0, 0.0, 0.0, 0.0, 0.0, 0.0, 0.0, 0.0, 0.0, 0.0, 0.0, 0.0, 0.0, 0.0, 0.0, 0.0, 0.0, 0.0, 0.0, 0.0], [0.0, 0.0, 0.0, 0.0, 0.0, 0.0, 0.0, 0.0, 0.0, 0.0, 0.0, 0.0, 0.0, 0.0, 0.0, 0.0, 0.0, 0.0, 0.0, 0.0, 0.0, 0.0, 0.0], [0.0, 0.0, 0.0, 0.0, 0.0, 0.0, 0.0, 0.0, 0.0, 0.0, 0.0, 0.0, 0.0, 0.0, 0.0, 0.0, 0.0, 0.0, 0.0, 0.0, 0.0, 0.0, 0.0], [0.0, 0.0, 0.0, 0.5357, 0.0, 0.0, 0.0, 0.0, 0.0, 0.6405, 0.6695, 0.0565, 0.0, 0.0, 0.0, 0.0, 0.0, 0.0, 0.0, 0.6405, 0.5334, 0.0, 0.0], [0.9582, 0.9582, 0.9106, 0.0, 0.9582, 0.9582, 0.9989, 0.9969, 0.0, 0.0, 0.0, 0.3942, 0.0, 0.0, 0.0, 0.0, 0.0, 0.8506, 0.912, 0.0, 0.0, 0.0, 0.0], [0.6646, 0.6646, 0.5572, 0.0, 0.6646, 0.6646, 0.8246, 0.8063, 0.0, 0.3148, 0.2781, 0.8185, 0.0, 0.0, 0.0, 0.0, 0.8506, 0.0, 0.5601, 0.3148, 0.4374, 0.0, 0.0], [0.9912, 0.9912, 1.0, 0.0, 0.9912, 0.9912, 0.9305, 0.9416, 0.0, 0.0, 0.0, 0.0, 0.0, 0.0, 0.0, 0.0, 0.912, 0.5601, 0.0, 0.0, 0.0, 0.0, 0.0], [0.0, 0.0, 0.0, 0.0, 0.0, 0.0, 0.0, 0.0, 0.0, 1.0, 0.9993, 0.803, 0.0, 0.0, 0.0, 0.6405, 0.0, 0.3148, 0.0, 0.0, 0.9912, 0.0, 0.0], [0.0, 0.0, 0.0, 0.0, 0.0, 0.0, 0.0, 0.0, 0.0, 0.9912, 0.9854, 0.8746, 0.0, 0.0, 0.0, 0.5334, 0.0, 0.4374, 0.0, 0.9912, 0.0, 0.0, 0.0], [0.0, 0.0, 0.0, 0.0, 0.0, 0.0, 0.0, 0.0, 0.0, 0.0, 0.0, 0.0, 0.0, 0.0, 0.0, 0.0, 0.0, 0.0, 0.0, 0.0, 0.0, 0.0, 0.0], [0.0, 0.0, 0.0, 0.0, 0.0, 0.0, 0.0, 0.0, 0.0, 0.0, 0.0, 0.0, 0.0, 0.0, 0.0, 0.0, 0.0, 0.0, 0.0, 0.0, 0.0, 0.0, 0.0]], [[0.0, 0.0, 0.0, 0.0, 0.0, 0.0, 0.0, 0.0, 0.0, 0.0, 0.0, 0.0, 0.0, 0.0, 0.0, 0.0, 0.0, 0.0, 0.0, 0.0, 0.0, 0.0, 0.0], [0.0, 0.0, 0.0, 0.9904, 1.0, 1.0, 0.5, 0.0, 0.0, 0.189, 0.2055, 0.9873, 0.0, 0.0, 0.0, 0.0, 0.9934, 0.8536, 0.0, 0.0, 0.0822, 0.0, 0.0], [0.0, 0.0, 0.0, 0.0, 0.0, 0.0, 0.0, 0.2168, 0.0, 0.0, 0.0, 0.0, 0.0, 0.0, 0.0, 0.0, 0.0, 0.0, 0.7857, 0.5723, 0.0, 0.0, 0.0], [0.0, 0.9904, 0.0, 0.0, 0.9904, 0.9904, 0.3757, 0.0, 0.0, 0.0516, 0.0684, 0.9559, 0.0, 0.0, 0.0, 0.0, 0.9681, 0.7735, 0.0, 0.0, 0.0, 0.0, 0.0], [0.0, 1.0, 0.0, 0.9904, 0.0, 1.0, 0.5, 0.0, 0.0, 0.189, 0.2055, 0.9873, 0.0, 0.0, 0.0, 0.0, 0.9934, 0.8536, 0.0, 0.0, 0.0822, 0.0, 0.0], [0.0, 1.0, 0.0, 0.9904, 1.0, 0.0, 0.5, 0.0, 0.0, 0.189, 0.2055, 0.9873, 0.0, 0.0, 0.0, 0.0, 0.9934, 0.8536, 0.0, 0.0, 0.0822, 0.0, 0.0], [0.0, 0.5, 0.0, 0.3757, 0.5, 0.5, 0.0, 0.4336, 0.0, 0.9449, 0.9503, 0.6313, 0.0, 0.0, 0.0, 0.866, 0.596, 0.878, 0.0, 0.0576, 0.9042, 0.0, 0.0], [0.0, 0.0, 0.2168, 0.0, 0.0, 0.0, 0.4336, 0.0, 0.0, 0.7046, 0.6926, 0.0, 0.0, 0.0, 0.0, 0.826, 0.0, 0.0, 0.0, 0.9246, 0.7769, 0.0, 0.0], [0.0, 0.0, 0.0, 0.0, 0.0, 0.0, 0.0, 0.0, 0.0, 0.0, 0.0, 0.0, 0.0, 0.0, 0.0, 0.0, 0.0, 0.0, 0.0, 0.0, 0.0, 0.0, 0.0], [0.0, 0.189, 0.0, 0.0516, 0.189, 0.189, 0.9449, 0.7046, 0.0, 0.0, 0.9999, 0.3426, 0.0, 0.0, 0.0, 0.982, 0.3004, 0.6729, 0.0, 0.3812, 0.9942, 0.0, 0.0], [0.0, 0.2055, 0.0, 0.0684, 0.2055, 0.2055, 0.9503, 0.6926, 0.0, 0.9999, 0.0, 0.3584, 0.0, 0.0, 0.0, 0.9787, 0.3164, 0.6852, 0.0, 0.3656, 0.9922, 0.0, 0.0], [0.0, 0.9873, 0.0, 0.9559, 0.9873, 0.9873, 0.6313, 0.0, 0.0, 0.3426, 0.3584, 0.0, 0.0, 0.0, 0.0, 0.1589, 0.999, 0.9255, 0.0, 0.0, 0.2395, 0.0, 0.0], [0.0, 0.0, 0.0, 0.0, 0.0, 0.0, 0.0, 0.0, 0.0, 0.0, 0.0, 0.0, 0.0, 0.0, 0.0, 0.0, 0.0, 0.0, 0.0, 0.0, 0.0, 0.0, 0.0], [0.0, 0.0, 0.0, 0.0, 0.0, 0.0, 0.0, 0.0, 0.0, 0.0, 0.0, 0.0, 0.0, 0.0, 0.0, 0.0, 0.0, 0.0, 0.0, 0.0, 0.0, 0.0, 0.0], [0.0, 0.0, 0.0, 0.0, 0.0, 0.0, 0.0, 0.0, 0.0, 0.0, 0.0, 0.0, 0.0, 0.0, 0.0, 0.0, 0.0, 0.0, 0.0, 0.0, 0.0, 0.0, 0.0], [0.0, 0.0, 0.0, 0.0, 0.0, 0.0, 0.866, 0.826, 0.0, 0.982, 0.9787, 0.1589, 0.0, 0.0, 0.0, 0.0, 0.1147, 0.521, 0.0, 0.5491, 0.9966, 0.0, 0.0], [0.0, 0.9934, 0.0, 0.9681, 0.9934, 0.9934, 0.596, 0.0, 0.0, 0.3004, 0.3164, 0.999, 0.0, 0.0, 0.0, 0.1147, 0.0, 0.9077, 0.0, 0.0, 0.196, 0.0, 0.0], [0.0, 0.8536, 0.0, 0.7735, 0.8536, 0.8536, 0.878, 0.0, 0.0, 0.6729, 0.6852, 0.9255, 0.0, 0.0, 0.0, 0.521, 0.9077, 0.0, 0.0, 0.0, 0.5894, 0.0, 0.0], [0.0, 0.0, 0.7857, 0.0, 0.0, 0.0, 0.0, 0.0, 0.0, 0.0, 0.0, 0.0, 0.0, 0.0, 0.0, 0.0, 0.0, 0.0, 0.0, 0.0, 0.0, 0.0, 0.0], [0.0, 0.0, 0.5723, 0.0, 0.0, 0.0, 0.0576, 0.9246, 0.0, 0.3812, 0.3656, 0.0, 0.0, 0.0, 0.0, 0.5491, 0.0, 0.0, 0.0, 0.0, 0.4785, 0.0, 0.0], [0.0, 0.0822, 0.0, 0.0, 0.0822, 0.0822, 0.9042, 0.7769, 0.0, 0.9942, 0.9922, 0.2395, 0.0, 0.0, 0.0, 0.9966, 0.196, 0.5894, 0.0, 0.4785, 0.0, 0.0, 0.0], [0.0, 0.0, 0.0, 0.0, 0.0, 0.0, 0.0, 0.0, 0.0, 0.0, 0.0, 0.0, 0.0, 0.0, 0.0, 0.0, 0.0, 0.0, 0.0, 0.0, 0.0, 0.0, 0.0], [0.0, 0.0, 0.0, 0.0, 0.0, 0.0, 0.0, 0.0, 0.0, 0.0, 0.0, 0.0, 0.0, 0.0, 0.0, 0.0, 0.0, 0.0, 0.0, 0.0, 0.0, 0.0, 0.0]], [[0.0, 0.9449, 0.9737, 0.5157, 0.9986, 0.7683, 1.0, 0.9869, 1.0, 0.0, 0.0, 0.0, 0.0, 0.0, 0.0, 0.0, 0.9795, 0.9687, 1.0, 0.9099, 0.0, 0.0, 0.0], [0.9449, 0.0, 0.8454, 0.7677, 0.9607, 0.9355, 0.9449, 0.8796, 0.9449, 0.0, 0.0, 0.0, 0.0, 0.0, 0.0, 0.0, 0.9915, 0.9966, 0.9449, 0.724, 0.0, 0.0, 0.0], [0.9737, 0.8454, 0.0, 0.3069, 0.9605, 0.6022, 0.9737, 0.9977, 0.9737, 0.0, 0.0, 0.0, 0.0, 0.0, 0.0, 0.0, 0.9079, 0.8867, 0.9737, 0.9805, 0.0, 0.0, 0.0], [0.5157, 0.7677, 0.3069, 0.0, 0.5596, 0.9446, 0.5157, 0.3706, 0.5157, 0.0, 0.0, 0.5538, 0.0, 0.0, 0.0, 0.0, 0.6776, 0.7121, 0.5157, 0.1139, 0.0, 0.0, 0.0], [0.9986, 0.9607, 0.9605, 0.5596, 0.0, 0.8006, 0.9986, 0.9771, 0.9986, 0.0, 0.0, 0.0, 0.0, 0.0, 0.0, 0.0, 0.9887, 0.9803, 0.9986, 0.8871, 0.0, 0.0, 0.0], [0.7683, 0.9355, 0.6022, 0.9446, 0.8006, 0.0, 0.7683, 0.6548, 0.7683, 0.0, 0.0, 0.2499, 0.0, 0.0, 0.0, 0.0, 0.8814, 0.9031, 0.7683, 0.4336, 0.0, 0.0, 0.0], [1.0, 0.9449, 0.9737, 0.5157, 0.9986, 0.7683, 0.0, 0.9869, 1.0, 0.0, 0.0, 0.0, 0.0, 0.0, 0.0, 0.0, 0.9795, 0.9687, 1.0, 0.9099, 0.0, 0.0, 0.0], [0.9869, 0.8796, 0.9977, 0.3706, 0.9771, 0.6548, 0.9869, 0.0, 0.9869, 0.0, 0.0, 0.0, 0.0, 0.0, 0.0, 0.0, 0.9342, 0.916, 0.9869, 0.965, 0.0, 0.0, 0.0], [1.0, 0.9449, 0.9737, 0.5157, 0.9986, 0.7683, 1.0, 0.9869, 0.0, 0.0, 0.0, 0.0, 0.0, 0.0, 0.0, 0.0, 0.9795, 0.9687, 1.0, 0.9099, 0.0, 0.0, 0.0], [0.0, 0.0, 0.0, 0.0, 0.0, 0.0, 0.0, 0.0, 0.0, 0.0, 0.9594, 0.1083, 0.0, 0.0, 0.0, 0.9608, 0.0, 0.0, 0.0, 0.0, 0.891, 0.0, 0.0], [0.0, 0.0, 0.0, 0.0, 0.0, 0.0, 0.0, 0.0, 0.0, 0.9594, 0.0, 0.0, 0.0, 0.0, 0.0, 0.8435, 0.0, 0.0, 0.0, 0.0, 0.9829, 0.0, 0.0], [0.0, 0.0, 0.0, 0.5538, 0.0, 0.2499, 0.0, 0.0, 0.0, 0.1083, 0.0, 0.0, 0.0, 0.0, 0.0, 0.3798, 0.0, 0.0, 0.0, 0.0, 0.0, 0.0, 0.0], [0.0, 0.0, 0.0, 0.0, 0.0, 0.0, 0.0, 0.0, 0.0, 0.0, 0.0, 0.0, 0.0, 0.0, 0.0, 0.0, 0.0, 0.0, 0.0, 0.0, 0.0, 0.0, 0.0], [0.0, 0.0, 0.0, 0.0, 0.0, 0.0, 0.0, 0.0, 0.0, 0.0, 0.0, 0.0, 0.0, 0.0, 0.0, 0.0, 0.0, 0.0, 0.0, 0.0, 0.0, 0.0, 0.0], [0.0, 0.0, 0.0, 0.0, 0.0, 0.0, 0.0, 0.0, 0.0, 0.0, 0.0, 0.0, 0.0, 0.0, 0.0, 0.0, 0.0, 0.0, 0.0, 0.0, 0.0, 0.0, 0.0], [0.0, 0.0, 0.0, 0.0, 0.0, 0.0, 0.0, 0.0, 0.0, 0.9608, 0.8435, 0.3798, 0.0, 0.0, 0.0, 0.0, 0.0, 0.0, 0.0, 0.0, 0.7302, 0.0, 0.0], [0.9795, 0.9915, 0.9079, 0.6776, 0.9887, 0.8814, 0.9795, 0.9342, 0.9795, 0.0, 0.0, 0.0, 0.0, 0.0, 0.0, 0.0, 0.0, 0.9988, 0.9795, 0.8078, 0.0, 0.0, 0.0], [0.9687, 0.9966, 0.8867, 0.7121, 0.9803, 0.9031, 0.9687, 0.916, 0.9687, 0.0, 0.0, 0.0, 0.0, 0.0, 0.0, 0.0, 0.9988, 0.0, 0.9687, 0.7786, 0.0, 0.0, 0.0], [1.0, 0.9449, 0.9737, 0.5157, 0.9986, 0.7683, 1.0, 0.9869, 1.0, 0.0, 0.0, 0.0, 0.0, 0.0, 0.0, 0.0, 0.9795, 0.9687, 0.0, 0.9099, 0.0, 0.0, 0.0], [0.9099, 0.724, 0.9805, 0.1139, 0.8871, 0.4336, 0.9099, 0.965, 0.9099, 0.0, 0.0, 0.0, 0.0, 0.0, 0.0, 0.0, 0.8078, 0.7786, 0.9099, 0.0, 0.0, 0.0, 0.0], [0.0, 0.0, 0.0, 0.0, 0.0, 0.0, 0.0, 0.0, 0.0, 0.891, 0.9829, 0.0, 0.0, 0.0, 0.0, 0.7302, 0.0, 0.0, 0.0, 0.0, 0.0, 0.0, 0.0], [0.0, 0.0, 0.0, 0.0, 0.0, 0.0, 0.0, 0.0, 0.0, 0.0, 0.0, 0.0, 0.0, 0.0, 0.0, 0.0, 0.0, 0.0, 0.0, 0.0, 0.0, 0.0, 0.0], [0.0, 0.0, 0.0, 0.0, 0.0, 0.0, 0.0, 0.0, 0.0, 0.0, 0.0, 0.0, 0.0, 0.0, 0.0, 0.0, 0.0, 0.0, 0.0, 0.0, 0.0, 0.0, 0.0]], [[0.0, 0.9449, 0.9963, 0.5112, 0.999, 0.7683, 0.9981, 0.9997, 1.0, 0.0, 0.2116, 0.0, 0.0, 0.0, 0.0, 0.0, 0.9825, 0.9034, 0.9995, 0.9195, 0.0, 0.0, 0.0], [0.9449, 0.0, 0.9131, 0.7644, 0.9589, 0.9355, 0.9635, 0.9527, 0.9449, 0.0, 0.5199, 0.0683, 0.0, 0.0, 0.0, 0.0, 0.9894, 0.994, 0.9341, 0.7402, 0.0, 0.0, 0.0], [0.9963, 0.9131, 0.0, 0.4352, 0.9913, 0.7102, 0.989, 0.9939, 0.9963, 0.0, 0.1265, 0.0, 0.0, 0.0, 0.0, 0.0, 0.9627, 0.863, 0.9985, 0.95, 0.0, 0.0, 0.0], [0.5112, 0.7644, 0.4352, 0.0, 0.55, 0.9429, 0.5638, 0.5322, 0.5112, 0.4887, 0.9482, 0.6955, 0.0, 0.0, 0.0, 0.0, 0.6625, 0.8304, 0.4839, 0.1323, 0.4887, 0.0, 0.0], [0.999, 0.9589, 0.9913, 0.55, 0.0, 0.7967, 0.9999, 0.9998, 0.999, 0.0, 0.2561, 0.0, 0.0, 0.0, 0.0, 0.0, 0.99, 0.922, 0.997, 0.9006, 0.0, 0.0, 0.0], [0.7683, 0.9355, 0.7102, 0.9429, 0.7967, 0.0, 0.8067, 0.7838, 0.7683, 0.1702, 0.7882, 0.4165, 0.0, 0.0, 0.0, 0.0, 0.8742, 0.9686, 0.7478, 0.4549, 0.1702, 0.0, 0.0], [0.9981, 0.9635, 0.989, 0.5638, 0.9999, 0.8067, 0.0, 0.9993, 0.9981, 0.0, 0.2721, 0.0, 0.0, 0.0, 0.0, 0.0, 0.9922, 0.9284, 0.9956, 0.8932, 0.0, 0.0, 0.0], [0.9997, 0.9527, 0.9939, 0.5322, 0.9998, 0.7838, 0.9993, 0.0, 0.9997, 0.0, 0.2355, 0.0, 0.0, 0.0, 0.0, 0.0, 0.9867, 0.9136, 0.9984, 0.9096, 0.0, 0.0, 0.0], [1.0, 0.9449, 0.9963, 0.5112, 0.999, 0.7683, 0.9981, 0.9997, 0.0, 0.0, 0.2116, 0.0, 0.0, 0.0, 0.0, 0.0, 0.9825, 0.9034, 0.9995, 0.9195, 0.0, 0.0, 0.0], [0.0, 0.0, 0.0, 0.4887, 0.0, 0.1702, 0.0, 0.0, 0.0, 0.0, 0.7406, 0.9668, 0.0, 0.0, 0.0, 0.866, 0.0, 0.0, 0.0, 0.0, 1.0, 0.0, 0.0], [0.2116, 0.5199, 0.1265, 0.9482, 0.2561, 0.7882, 0.2721, 0.2355, 0.2116, 0.7406, 0.0, 0.8878, 0.0, 0.0, 0.0, 0.3054, 0.3902, 0.6103, 0.1807, 0.0, 0.7406, 0.0, 0.0], [0.0, 0.0683, 0.0, 0.6955, 0.0, 0.4165, 0.0, 0.0, 0.0, 0.9668, 0.8878, 0.0, 0.0, 0.0, 0.0, 0.7094, 0.0, 0.1772, 0.0, 0.0, 0.9668, 0.0, 0.0], [0.0, 0.0, 0.0, 0.0, 0.0, 0.0, 0.0, 0.0, 0.0, 0.0, 0.0, 0.0, 0.0, 0.0, 0.0, 0.0, 0.0, 0.0, 0.0, 0.0, 0.0, 0.0, 0.0], [0.0, 0.0, 0.0, 0.0, 0.0, 0.0, 0.0, 0.0, 0.0, 0.0, 0.0, 0.0, 0.0, 0.0, 0.0, 0.0, 0.0, 0.0, 0.0, 0.0, 0.0, 0.0, 0.0], [0.0, 0.0, 0.0, 0.0, 0.0, 0.0, 0.0, 0.0, 0.0, 0.0, 0.0, 0.0, 0.0, 0.0, 0.0, 0.0, 0.0, 0.0, 0.0, 0.0, 0.0, 0.0, 0.0], [0.0, 0.0, 0.0, 0.0, 0.0, 0.0, 0.0, 0.0, 0.0, 0.866, 0.3054, 0.7094, 0.0, 0.0, 0.0, 0.0, 0.0, 0.0, 0.0, 0.0, 0.866, 0.0, 0.0], [0.9825, 0.9894, 0.9627, 0.6625, 0.99, 0.8742, 0.9922, 0.9867, 0.9825, 0.0, 0.3902, 0.0, 0.0, 0.0, 0.0, 0.0, 0.0, 0.9675, 0.9761, 0.8301, 0.0, 0.0, 0.0], [0.9034, 0.994, 0.863, 0.8304, 0.922, 0.9686, 0.9284, 0.9136, 0.9034, 0.0, 0.6103, 0.1772, 0.0, 0.0, 0.0, 0.0, 0.9675, 0.0, 0.8894, 0.6622, 0.0, 0.0, 0.0], [0.9995, 0.9341, 0.9985, 0.4839, 0.997, 0.7478, 0.9956, 0.9984, 0.9995, 0.0, 0.1807, 0.0, 0.0, 0.0, 0.0, 0.0, 0.9761, 0.8894, 0.0, 0.9315, 0.0, 0.0, 0.0], [0.9195, 0.7402, 0.95, 0.1323, 0.9006, 0.4549, 0.8932, 0.9096, 0.9195, 0.0, 0.0, 0.0, 0.0, 0.0, 0.0, 0.0, 0.8301, 0.6622, 0.9315, 0.0, 0.0, 0.0, 0.0], [0.0, 0.0, 0.0, 0.4887, 0.0, 0.1702, 0.0, 0.0, 0.0, 1.0, 0.7406, 0.9668, 0.0, 0.0, 0.0, 0.866, 0.0, 0.0, 0.0, 0.0, 0.0, 0.0, 0.0], [0.0, 0.0, 0.0, 0.0, 0.0, 0.0, 0.0, 0.0, 0.0, 0.0, 0.0, 0.0, 0.0, 0.0, 0.0, 0.0, 0.0, 0.0, 0.0, 0.0, 0.0, 0.0, 0.0], [0.0, 0.0, 0.0, 0.0, 0.0, 0.0, 0.0, 0.0, 0.0, 0.0, 0.0, 0.0, 0.0, 0.0, 0.0, 0.0, 0.0, 0.0, 0.0, 0.0, 0.0, 0.0, 0.0]], [[0.0, 1.0, 0.9656, 0.9698, 1.0, 1.0, 0.9995, 0.9948, 1.0, 0.0, 1.0, 0.9991, 0.0, 0.0, 0.0, 0.0, 0.9989, 1.0, 0.9995, 0.9964, 0.5, 0.0, 0.0], [1.0, 0.0, 0.9656, 0.9698, 1.0, 1.0, 0.9995, 0.9948, 1.0, 0.0, 1.0, 0.9991, 0.0, 0.0, 0.0, 0.0, 0.9989, 1.0, 0.9995, 0.9964, 0.5, 0.0, 0.0], [0.9656, 0.9656, 0.0, 0.8729, 0.9672, 0.9656, 0.9735, 0.9871, 0.9656, 0.0, 0.9656, 0.9757, 0.0, 0.0, 0.0, 0.073, 0.9767, 0.9656, 0.9733, 0.9842, 0.7081, 0.0, 0.0], [0.9698, 0.9698, 0.8729, 0.0, 0.9682, 0.9698, 0.9614, 0.9398, 0.9698, 0.0, 0.9698, 0.9586, 0.0, 0.0, 0.0, 0.0, 0.9573, 0.9698, 0.9616, 0.9455, 0.2735, 0.0, 0.0], [1.0, 1.0, 0.9672, 0.9682, 0.0, 1.0, 0.9997, 0.9954, 1.0, 0.0, 1.0, 0.9994, 0.0, 0.0, 0.0, 0.0, 0.9992, 1.0, 0.9997, 0.9969, 0.5055, 0.0, 0.0], [1.0, 1.0, 0.9656, 0.9698, 1.0, 0.0, 0.9995, 0.9948, 1.0, 0.0, 1.0, 0.9991, 0.0, 0.0, 0.0, 0.0, 0.9989, 1.0, 0.9995, 0.9964, 0.5, 0.0, 0.0], [0.9995, 0.9995, 0.9735, 0.9614, 0.9997, 0.9995, 0.0, 0.9976, 0.9995, 0.0, 0.9995, 1.0, 0.0, 0.0, 0.0, 0.0, 0.9999, 0.9995, 1.0, 0.9986, 0.5277, 0.0, 0.0], [0.9948, 0.9948, 0.9871, 0.9398, 0.9954, 0.9948, 0.9976, 0.0, 0.9948, 0.0, 0.9948, 0.9982, 0.0, 0.0, 0.0, 0.0, 0.9985, 0.9948, 0.9975, 0.9999, 0.5857, 0.0, 0.0], [1.0, 1.0, 0.9656, 0.9698, 1.0, 1.0, 0.9995, 0.9948, 0.0, 0.0, 1.0, 0.9991, 0.0, 0.0, 0.0, 0.0, 0.9989, 1.0, 0.9995, 0.9964, 0.5, 0.0, 0.0], [0.0, 0.0, 0.0, 0.0, 0.0, 0.0, 0.0, 0.0, 0.0, 0.0, 0.0, 0.0, 0.0, 0.0, 0.0, 0.0, 0.0, 0.0, 0.0, 0.0, 0.0, 0.0, 0.0], [1.0, 1.0, 0.9656, 0.9698, 1.0, 1.0, 0.9995, 0.9948, 1.0, 0.0, 0.0, 0.9991, 0.0, 0.0, 0.0, 0.0, 0.9989, 1.0, 0.9995, 0.9964, 0.5, 0.0, 0.0], [0.9991, 0.9991, 0.9757, 0.9586, 0.9994, 0.9991, 1.0, 0.9982, 0.9991, 0.0, 0.9991, 0.0, 0.0, 0.0, 0.0, 0.0, 1.0, 0.9991, 0.9999, 0.9991, 0.5361, 0.0, 0.0], [0.0, 0.0, 0.0, 0.0, 0.0, 0.0, 0.0, 0.0, 0.0, 0.0, 0.0, 0.0, 0.0, 0.0, 0.0, 0.0, 0.0, 0.0, 0.0, 0.0, 0.0, 0.0, 0.0], [0.0, 0.0, 0.0, 0.0, 0.0, 0.0, 0.0, 0.0, 0.0, 0.0, 0.0, 0.0, 0.0, 0.0, 0.0, 0.0, 0.0, 0.0, 0.0, 0.0, 0.0, 0.0, 0.0], [0.0, 0.0, 0.0, 0.0, 0.0, 0.0, 0.0, 0.0, 0.0, 0.0, 0.0, 0.0, 0.0, 0.0, 0.0, 0.0, 0.0, 0.0, 0.0, 0.0, 0.0, 0.0, 0.0], [0.0, 0.0, 0.073, 0.0, 0.0, 0.0, 0.0, 0.0, 0.0, 0.0, 0.0, 0.0, 0.0, 0.0, 0.0, 0.0, 0.0, 0.0, 0.0, 0.0, 0.7559, 0.0, 0.0], [0.9989, 0.9989, 0.9767, 0.9573, 0.9992, 0.9989, 0.9999, 0.9985, 0.9989, 0.0, 0.9989, 1.0, 0.0, 0.0, 0.0, 0.0, 0.0, 0.9989, 0.9999, 0.9993, 0.5399, 0.0, 0.0], [1.0, 1.0, 0.9656, 0.9698, 1.0, 1.0, 0.9995, 0.9948, 1.0, 0.0, 1.0, 0.9991, 0.0, 0.0, 0.0, 0.0, 0.9989, 0.0, 0.9995, 0.9964, 0.5, 0.0, 0.0], [0.9995, 0.9995, 0.9733, 0.9616, 0.9997, 0.9995, 1.0, 0.9975, 0.9995, 0.0, 0.9995, 0.9999, 0.0, 0.0, 0.0, 0.0, 0.9999, 0.9995, 0.0, 0.9986, 0.527, 0.0, 0.0], [0.9964, 0.9964, 0.9842, 0.9455, 0.9969, 0.9964, 0.9986, 0.9999, 0.9964, 0.0, 0.9964, 0.9991, 0.0, 0.0, 0.0, 0.0, 0.9993, 0.9964, 0.9986, 0.0, 0.5717, 0.0, 0.0], [0.5, 0.5, 0.7081, 0.2735, 0.5055, 0.5, 0.5277, 0.5857, 0.5, 0.0, 0.5, 0.5361, 0.0, 0.0, 0.0, 0.7559, 0.5399, 0.5, 0.527, 0.5717, 0.0, 0.0, 0.0], [0.0, 0.0, 0.0, 0.0, 0.0, 0.0, 0.0, 0.0, 0.0, 0.0, 0.0, 0.0, 0.0, 0.0, 0.0, 0.0, 0.0, 0.0, 0.0, 0.0, 0.0, 0.0, 0.0], [0.0, 0.0, 0.0, 0.0, 0.0, 0.0, 0.0, 0.0, 0.0, 0.0, 0.0, 0.0, 0.0, 0.0, 0.0, 0.0, 0.0, 0.0, 0.0, 0.0, 0.0, 0.0, 0.0]], [[0.0, 0.0, 0.0, 0.0, 0.0, 0.0, 0.0, 0.0, 0.0, 0.0, 0.0, 0.0, 0.0, 0.0, 0.0, 0.0, 0.0, 0.0, 0.0, 0.0, 0.0, 0.0, 0.0], [0.0, 0.0, 0.0, 0.0, 0.0, 0.0, 0.0, 0.0, 0.0, 0.0, 0.0, 0.0, 0.0, 0.0, 0.0, 0.0, 0.0, 0.0, 0.0, 0.0, 0.0, 0.0, 0.0], [0.0, 0.0, 0.0, 0.0, 0.61, 0.3812, 0.9799, 0.7639, 0.0, 0.0, 0.0, 0.0, 0.0, 0.0, 0.0, 0.9997, 0.8982, 0.3812, 0.9245, 0.0, 0.6454, 0.0, 0.0], [0.0, 0.0, 0.0, 0.0, 0.0, 0.6156, 0.0, 0.0, 0.0, 0.0, 0.0, 0.0, 0.0, 0.0, 0.0, 0.0, 0.0, 0.6156, 0.0, 0.0, 0.3455, 0.0, 0.0], [0.0, 0.0, 0.61, 0.0, 0.0, 0.0, 0.7559, 0.9774, 0.0, 0.0, 0.0, 0.7559, 0.0, 0.0, 0.0, 0.6286, 0.8963, 0.0, 0.866, 0.6363, 0.0, 0.0, 0.0], [0.0, 0.0, 0.3812, 0.6156, 0.0, 0.0, 0.189, 0.0, 0.0, 0.0, 0.0, 0.0, 0.0, 0.0, 